attempt,symbol_set,train_bars,test_bars,embargo_bars,max_folds,feature_scale,min_signal,feature_blend_mode,feature_columns,feature_min_samples,predictor_quality_min_samples,predictor_quality_warmup_floor,min_hold_bars,min_reentry_gap_bars,max_turnover_ratio,entry_gate_usdt,status,run_id,folds,realized_pnl,fees,trades,win,lose,maxdd,sharpe,endeq,error
1,BTCUSDT,240,60,4,6,0.5,0.0004,additive,"volume,volume_sma_5,volume_std_5,volume_vs_sma_20,taker_buy_base_volume,taker_buy_quote_volume,quote_volume,number_of_trades",0,0,0.2,8,4,0.6,10,ok,bt-v2-1772626055377-8b2697057c39,1,0,0,0,0,0,0,0,100,
2,"BTCUSDT,ETHUSDT",240,60,4,6,0.5,0.0004,additive,"volume,volume_sma_5,volume_std_5,volume_vs_sma_20,taker_buy_base_volume,taker_buy_quote_volume,quote_volume,number_of_trades",0,0,0.2,8,4,0.6,10,ok,bt-v2-1772626056957-9d8cc3ee906a,1,0,0,0,0,0,0,0,100,
3,"BTCUSDT,ETHUSDT,BNBUSDT",240,60,4,6,0.5,0.0004,additive,"volume,volume_sma_5,volume_std_5,volume_vs_sma_20,taker_buy_base_volume,taker_buy_quote_volume,quote_volume,number_of_trades",0,0,0.2,8,4,0.6,10,ok,bt-v2-1772626058355-116927a89671,1,0,0,0,0,0,0,0,100,
4,"BTCUSDT,ETHUSDT,BNBUSDT,XRPUSDT,USDCUSDT",240,60,4,6,0.5,0.0004,additive,"volume,volume_sma_5,volume_std_5,volume_vs_sma_20,taker_buy_base_volume,taker_buy_quote_volume,quote_volume,number_of_trades",0,0,0.2,8,4,0.6,10,ok,bt-v2-1772626059971-f04d0a1911ad,1,0,0,0,0,0,0,0,100,
5,"BTCUSDT,ETHUSDT,BNBUSDT,XRPUSDT,USDCUSDT,SOLUSDT,TRXUSDT,DOGEUSDT,ADAUSDT,BCHUSDT,LINKUSDT,USDEUSDT",240,60,4,6,0.5,0.0004,additive,"volume,volume_sma_5,volume_std_5,volume_vs_sma_20,taker_buy_base_volume,taker_buy_quote_volume,quote_volume,number_of_trades",0,0,0.2,8,4,0.6,10,ok,bt-v2-1772626061402-c93180981440,1,0,0,0,0,0,0,0,100,
6,BTCUSDT,240,60,4,6,0.5,0.0004,additive,"volume,volume_sma_5,volume_std_5,volume_vs_sma_20,taker_buy_base_volume,taker_buy_quote_volume,quote_volume,number_of_trades",0,0,0.2,8,4,0.6,30,ok,bt-v2-1772626062834-597b32ba85e7,1,0,0,0,0,0,0,0,100,
7,"BTCUSDT,ETHUSDT",240,60,4,6,0.5,0.0004,additive,"volume,volume_sma_5,volume_std_5,volume_vs_sma_20,taker_buy_base_volume,taker_buy_quote_volume,quote_volume,number_of_trades",0,0,0.2,8,4,0.6,30,ok,bt-v2-1772626064226-a994b67f52e0,1,0,0,0,0,0,0,0,100,
8,"BTCUSDT,ETHUSDT,BNBUSDT",240,60,4,6,0.5,0.0004,additive,"volume,volume_sma_5,volume_std_5,volume_vs_sma_20,taker_buy_base_volume,taker_buy_quote_volume,quote_volume,number_of_trades",0,0,0.2,8,4,0.6,30,ok,bt-v2-1772626065618-5fc8643e98f5,1,0,0,0,0,0,0,0,100,
9,"BTCUSDT,ETHUSDT,BNBUSDT,XRPUSDT,USDCUSDT",240,60,4,6,0.5,0.0004,additive,"volume,volume_sma_5,volume_std_5,volume_vs_sma_20,taker_buy_base_volume,taker_buy_quote_volume,quote_volume,number_of_trades",0,0,0.2,8,4,0.6,30,ok,bt-v2-1772626067026-795bf3cb3605,1,0,0,0,0,0,0,0,100,
10,"BTCUSDT,ETHUSDT,BNBUSDT,XRPUSDT,USDCUSDT,SOLUSDT,TRXUSDT,DOGEUSDT,ADAUSDT,BCHUSDT,LINKUSDT,USDEUSDT",240,60,4,6,0.5,0.0004,additive,"volume,volume_sma_5,volume_std_5,volume_vs_sma_20,taker_buy_base_volume,taker_buy_quote_volume,quote_volume,number_of_trades",0,0,0.2,8,4,0.6,30,ok,bt-v2-1772626068447-449b24899b4d,1,0,0,0,0,0,0,0,100,
11,BTCUSDT,240,60,4,6,0.5,0.0004,additive,"volume,volume_sma_5,volume_std_5,volume_vs_sma_20,taker_buy_base_volume,taker_buy_quote_volume,quote_volume,number_of_trades",0,0,0.2,8,4,1,10,ok,bt-v2-1772626069893-67197d6b08e8,1,0,0,0,0,0,0,0,100,
12,"BTCUSDT,ETHUSDT",240,60,4,6,0.5,0.0004,additive,"volume,volume_sma_5,volume_std_5,volume_vs_sma_20,taker_buy_base_volume,taker_buy_quote_volume,quote_volume,number_of_trades",0,0,0.2,8,4,1,10,ok,bt-v2-1772626071260-fc5ab46aa3b8,1,0,0,0,0,0,0,0,100,
13,"BTCUSDT,ETHUSDT,BNBUSDT",240,60,4,6,0.5,0.0004,additive,"volume,volume_sma_5,volume_std_5,volume_vs_sma_20,taker_buy_base_volume,taker_buy_quote_volume,quote_volume,number_of_trades",0,0,0.2,8,4,1,10,ok,bt-v2-1772626072658-3f53628ef40d,1,0,0,0,0,0,0,0,100,
14,"BTCUSDT,ETHUSDT,BNBUSDT,XRPUSDT,USDCUSDT",240,60,4,6,0.5,0.0004,additive,"volume,volume_sma_5,volume_std_5,volume_vs_sma_20,taker_buy_base_volume,taker_buy_quote_volume,quote_volume,number_of_trades",0,0,0.2,8,4,1,10,ok,bt-v2-1772626074044-8a644dab4d79,1,0,0,0,0,0,0,0,100,
15,"BTCUSDT,ETHUSDT,BNBUSDT,XRPUSDT,USDCUSDT,SOLUSDT,TRXUSDT,DOGEUSDT,ADAUSDT,BCHUSDT,LINKUSDT,USDEUSDT",240,60,4,6,0.5,0.0004,additive,"volume,volume_sma_5,volume_std_5,volume_vs_sma_20,taker_buy_base_volume,taker_buy_quote_volume,quote_volume,number_of_trades",0,0,0.2,8,4,1,10,ok,bt-v2-1772626075437-1dc964c1e6be,1,0,0,0,0,0,0,0,100,
16,BTCUSDT,240,60,4,6,0.5,0.0004,additive,"volume,volume_sma_5,volume_std_5,volume_vs_sma_20,taker_buy_base_volume,taker_buy_quote_volume,quote_volume,number_of_trades",0,0,0.2,8,4,1,30,ok,bt-v2-1772626076868-287efe676ddb,1,0,0,0,0,0,0,0,100,
17,"BTCUSDT,ETHUSDT",240,60,4,6,0.5,0.0004,additive,"volume,volume_sma_5,volume_std_5,volume_vs_sma_20,taker_buy_base_volume,taker_buy_quote_volume,quote_volume,number_of_trades",0,0,0.2,8,4,1,30,ok,bt-v2-1772626078252-2262bcdb09a6,1,0,0,0,0,0,0,0,100,
18,"BTCUSDT,ETHUSDT,BNBUSDT",240,60,4,6,0.5,0.0004,additive,"volume,volume_sma_5,volume_std_5,volume_vs_sma_20,taker_buy_base_volume,taker_buy_quote_volume,quote_volume,number_of_trades",0,0,0.2,8,4,1,30,ok,bt-v2-1772626079650-24f8a69c09fc,1,0,0,0,0,0,0,0,100,
19,"BTCUSDT,ETHUSDT,BNBUSDT,XRPUSDT,USDCUSDT",240,60,4,6,0.5,0.0004,additive,"volume,volume_sma_5,volume_std_5,volume_vs_sma_20,taker_buy_base_volume,taker_buy_quote_volume,quote_volume,number_of_trades",0,0,0.2,8,4,1,30,ok,bt-v2-1772626081067-bb3aa2666912,1,0,0,0,0,0,0,0,100,
20,"BTCUSDT,ETHUSDT,BNBUSDT,XRPUSDT,USDCUSDT,SOLUSDT,TRXUSDT,DOGEUSDT,ADAUSDT,BCHUSDT,LINKUSDT,USDEUSDT",240,60,4,6,0.5,0.0004,additive,"volume,volume_sma_5,volume_std_5,volume_vs_sma_20,taker_buy_base_volume,taker_buy_quote_volume,quote_volume,number_of_trades",0,0,0.2,8,4,1,30,ok,bt-v2-1772626082479-d5e083a8ce38,1,0,0,0,0,0,0,0,100,
21,BTCUSDT,240,60,4,6,0.5,0.0004,additive,"volume,volume_sma_5,volume_std_5,volume_vs_sma_20,taker_buy_base_volume,taker_buy_quote_volume,quote_volume,number_of_trades",0,0,0.2,8,8,0.6,10,ok,bt-v2-1772626083912-010ab0e7e112,1,0,0,0,0,0,0,0,100,
22,"BTCUSDT,ETHUSDT",240,60,4,6,0.5,0.0004,additive,"volume,volume_sma_5,volume_std_5,volume_vs_sma_20,taker_buy_base_volume,taker_buy_quote_volume,quote_volume,number_of_trades",0,0,0.2,8,8,0.6,10,ok,bt-v2-1772626085302-e23b19699a8f,1,0,0,0,0,0,0,0,100,
23,"BTCUSDT,ETHUSDT,BNBUSDT",240,60,4,6,0.5,0.0004,additive,"volume,volume_sma_5,volume_std_5,volume_vs_sma_20,taker_buy_base_volume,taker_buy_quote_volume,quote_volume,number_of_trades",0,0,0.2,8,8,0.6,10,ok,bt-v2-1772626086701-e05cacb10803,1,0,0,0,0,0,0,0,100,
24,"BTCUSDT,ETHUSDT,BNBUSDT,XRPUSDT,USDCUSDT",240,60,4,6,0.5,0.0004,additive,"volume,volume_sma_5,volume_std_5,volume_vs_sma_20,taker_buy_base_volume,taker_buy_quote_volume,quote_volume,number_of_trades",0,0,0.2,8,8,0.6,10,ok,bt-v2-1772626088106-6d375bcbc1d3,1,0,0,0,0,0,0,0,100,
25,"BTCUSDT,ETHUSDT,BNBUSDT,XRPUSDT,USDCUSDT,SOLUSDT,TRXUSDT,DOGEUSDT,ADAUSDT,BCHUSDT,LINKUSDT,USDEUSDT",240,60,4,6,0.5,0.0004,additive,"volume,volume_sma_5,volume_std_5,volume_vs_sma_20,taker_buy_base_volume,taker_buy_quote_volume,quote_volume,number_of_trades",0,0,0.2,8,8,0.6,10,ok,bt-v2-1772626089514-3cc4c355410c,1,0,0,0,0,0,0,0,100,
26,BTCUSDT,240,60,4,6,0.5,0.0004,additive,"volume,volume_sma_5,volume_std_5,volume_vs_sma_20,taker_buy_base_volume,taker_buy_quote_volume,quote_volume,number_of_trades",0,0,0.2,8,8,0.6,30,ok,bt-v2-1772626090944-c65aea27a205,1,0,0,0,0,0,0,0,100,
27,"BTCUSDT,ETHUSDT",240,60,4,6,0.5,0.0004,additive,"volume,volume_sma_5,volume_std_5,volume_vs_sma_20,taker_buy_base_volume,taker_buy_quote_volume,quote_volume,number_of_trades",0,0,0.2,8,8,0.6,30,ok,bt-v2-1772626092328-54dce4630427,1,0,0,0,0,0,0,0,100,
28,"BTCUSDT,ETHUSDT,BNBUSDT",240,60,4,6,0.5,0.0004,additive,"volume,volume_sma_5,volume_std_5,volume_vs_sma_20,taker_buy_base_volume,taker_buy_quote_volume,quote_volume,number_of_trades",0,0,0.2,8,8,0.6,30,ok,bt-v2-1772626093718-bc687b50b933,1,0,0,0,0,0,0,0,100,
29,"BTCUSDT,ETHUSDT,BNBUSDT,XRPUSDT,USDCUSDT",240,60,4,6,0.5,0.0004,additive,"volume,volume_sma_5,volume_std_5,volume_vs_sma_20,taker_buy_base_volume,taker_buy_quote_volume,quote_volume,number_of_trades",0,0,0.2,8,8,0.6,30,ok,bt-v2-1772626095111-119ef5d9313a,1,0,0,0,0,0,0,0,100,
30,"BTCUSDT,ETHUSDT,BNBUSDT,XRPUSDT,USDCUSDT,SOLUSDT,TRXUSDT,DOGEUSDT,ADAUSDT,BCHUSDT,LINKUSDT,USDEUSDT",240,60,4,6,0.5,0.0004,additive,"volume,volume_sma_5,volume_std_5,volume_vs_sma_20,taker_buy_base_volume,taker_buy_quote_volume,quote_volume,number_of_trades",0,0,0.2,8,8,0.6,30,ok,bt-v2-1772626096512-5464e0ee9d11,1,0,0,0,0,0,0,0,100,
31,BTCUSDT,240,60,4,6,0.5,0.0004,additive,"volume,volume_sma_5,volume_std_5,volume_vs_sma_20,taker_buy_base_volume,taker_buy_quote_volume,quote_volume,number_of_trades",0,0,0.2,8,8,1,10,ok,bt-v2-1772626097950-c152b55df5fb,1,0,0,0,0,0,0,0,100,
32,"BTCUSDT,ETHUSDT",240,60,4,6,0.5,0.0004,additive,"volume,volume_sma_5,volume_std_5,volume_vs_sma_20,taker_buy_base_volume,taker_buy_quote_volume,quote_volume,number_of_trades",0,0,0.2,8,8,1,10,ok,bt-v2-1772626099324-081ec13d00c1,1,0,0,0,0,0,0,0,100,
33,"BTCUSDT,ETHUSDT,BNBUSDT",240,60,4,6,0.5,0.0004,additive,"volume,volume_sma_5,volume_std_5,volume_vs_sma_20,taker_buy_base_volume,taker_buy_quote_volume,quote_volume,number_of_trades",0,0,0.2,8,8,1,10,ok,bt-v2-1772626100710-6cb8fc407e68,1,0,0,0,0,0,0,0,100,
34,"BTCUSDT,ETHUSDT,BNBUSDT,XRPUSDT,USDCUSDT",240,60,4,6,0.5,0.0004,additive,"volume,volume_sma_5,volume_std_5,volume_vs_sma_20,taker_buy_base_volume,taker_buy_quote_volume,quote_volume,number_of_trades",0,0,0.2,8,8,1,10,ok,bt-v2-1772626102111-5bdc2c39aecc,1,0,0,0,0,0,0,0,100,
35,"BTCUSDT,ETHUSDT,BNBUSDT,XRPUSDT,USDCUSDT,SOLUSDT,TRXUSDT,DOGEUSDT,ADAUSDT,BCHUSDT,LINKUSDT,USDEUSDT",240,60,4,6,0.5,0.0004,additive,"volume,volume_sma_5,volume_std_5,volume_vs_sma_20,taker_buy_base_volume,taker_buy_quote_volume,quote_volume,number_of_trades",0,0,0.2,8,8,1,10,ok,bt-v2-1772626103503-1120b204bf03,1,0,0,0,0,0,0,0,100,
36,BTCUSDT,240,60,4,6,0.5,0.0004,additive,"volume,volume_sma_5,volume_std_5,volume_vs_sma_20,taker_buy_base_volume,taker_buy_quote_volume,quote_volume,number_of_trades",0,0,0.2,8,8,1,30,ok,bt-v2-1772626104930-d98aae1f5505,1,0,0,0,0,0,0,0,100,
37,"BTCUSDT,ETHUSDT",240,60,4,6,0.5,0.0004,additive,"volume,volume_sma_5,volume_std_5,volume_vs_sma_20,taker_buy_base_volume,taker_buy_quote_volume,quote_volume,number_of_trades",0,0,0.2,8,8,1,30,ok,bt-v2-1772626106308-5d79ce63bc79,1,0,0,0,0,0,0,0,100,
38,"BTCUSDT,ETHUSDT,BNBUSDT",240,60,4,6,0.5,0.0004,additive,"volume,volume_sma_5,volume_std_5,volume_vs_sma_20,taker_buy_base_volume,taker_buy_quote_volume,quote_volume,number_of_trades",0,0,0.2,8,8,1,30,ok,bt-v2-1772626107715-8705565d926e,1,0,0,0,0,0,0,0,100,
39,"BTCUSDT,ETHUSDT,BNBUSDT,XRPUSDT,USDCUSDT",240,60,4,6,0.5,0.0004,additive,"volume,volume_sma_5,volume_std_5,volume_vs_sma_20,taker_buy_base_volume,taker_buy_quote_volume,quote_volume,number_of_trades",0,0,0.2,8,8,1,30,ok,bt-v2-1772626109091-782fffe86343,1,0,0,0,0,0,0,0,100,
40,"BTCUSDT,ETHUSDT,BNBUSDT,XRPUSDT,USDCUSDT,SOLUSDT,TRXUSDT,DOGEUSDT,ADAUSDT,BCHUSDT,LINKUSDT,USDEUSDT",240,60,4,6,0.5,0.0004,additive,"volume,volume_sma_5,volume_std_5,volume_vs_sma_20,taker_buy_base_volume,taker_buy_quote_volume,quote_volume,number_of_trades",0,0,0.2,8,8,1,30,ok,bt-v2-1772626110494-44779dce8a56,1,0,0,0,0,0,0,0,100,
41,BTCUSDT,240,60,4,6,0.5,0.0004,additive,"volume,volume_sma_5,volume_std_5,volume_vs_sma_20,taker_buy_base_volume,taker_buy_quote_volume,quote_volume,number_of_trades",0,0,0.2,16,4,0.6,10,ok,bt-v2-1772626111952-116e84046635,1,0,0,0,0,0,0,0,100,
42,"BTCUSDT,ETHUSDT",240,60,4,6,0.5,0.0004,additive,"volume,volume_sma_5,volume_std_5,volume_vs_sma_20,taker_buy_base_volume,taker_buy_quote_volume,quote_volume,number_of_trades",0,0,0.2,16,4,0.6,10,ok,bt-v2-1772626113337-c28180c2f35a,1,0,0,0,0,0,0,0,100,
43,"BTCUSDT,ETHUSDT,BNBUSDT",240,60,4,6,0.5,0.0004,additive,"volume,volume_sma_5,volume_std_5,volume_vs_sma_20,taker_buy_base_volume,taker_buy_quote_volume,quote_volume,number_of_trades",0,0,0.2,16,4,0.6,10,ok,bt-v2-1772626114725-a8af3eac77fc,1,0,0,0,0,0,0,0,100,
44,"BTCUSDT,ETHUSDT,BNBUSDT,XRPUSDT,USDCUSDT",240,60,4,6,0.5,0.0004,additive,"volume,volume_sma_5,volume_std_5,volume_vs_sma_20,taker_buy_base_volume,taker_buy_quote_volume,quote_volume,number_of_trades",0,0,0.2,16,4,0.6,10,ok,bt-v2-1772626116118-c2f036673599,1,0,0,0,0,0,0,0,100,
45,"BTCUSDT,ETHUSDT,BNBUSDT,XRPUSDT,USDCUSDT,SOLUSDT,TRXUSDT,DOGEUSDT,ADAUSDT,BCHUSDT,LINKUSDT,USDEUSDT",240,60,4,6,0.5,0.0004,additive,"volume,volume_sma_5,volume_std_5,volume_vs_sma_20,taker_buy_base_volume,taker_buy_quote_volume,quote_volume,number_of_trades",0,0,0.2,16,4,0.6,10,ok,bt-v2-1772626117545-78cd6691a8f7,1,0,0,0,0,0,0,0,100,
46,BTCUSDT,240,60,4,6,0.5,0.0004,additive,"volume,volume_sma_5,volume_std_5,volume_vs_sma_20,taker_buy_base_volume,taker_buy_quote_volume,quote_volume,number_of_trades",0,0,0.2,16,4,0.6,30,ok,bt-v2-1772626118970-95fbef6d5400,1,0,0,0,0,0,0,0,100,
47,"BTCUSDT,ETHUSDT",240,60,4,6,0.5,0.0004,additive,"volume,volume_sma_5,volume_std_5,volume_vs_sma_20,taker_buy_base_volume,taker_buy_quote_volume,quote_volume,number_of_trades",0,0,0.2,16,4,0.6,30,ok,bt-v2-1772626120364-feba275d27fd,1,0,0,0,0,0,0,0,100,
48,"BTCUSDT,ETHUSDT,BNBUSDT",240,60,4,6,0.5,0.0004,additive,"volume,volume_sma_5,volume_std_5,volume_vs_sma_20,taker_buy_base_volume,taker_buy_quote_volume,quote_volume,number_of_trades",0,0,0.2,16,4,0.6,30,ok,bt-v2-1772626121752-d8aa264b317c,1,0,0,0,0,0,0,0,100,
49,"BTCUSDT,ETHUSDT,BNBUSDT,XRPUSDT,USDCUSDT",240,60,4,6,0.5,0.0004,additive,"volume,volume_sma_5,volume_std_5,volume_vs_sma_20,taker_buy_base_volume,taker_buy_quote_volume,quote_volume,number_of_trades",0,0,0.2,16,4,0.6,30,ok,bt-v2-1772626123154-452a6beaff9b,1,0,0,0,0,0,0,0,100,
50,"BTCUSDT,ETHUSDT,BNBUSDT,XRPUSDT,USDCUSDT,SOLUSDT,TRXUSDT,DOGEUSDT,ADAUSDT,BCHUSDT,LINKUSDT,USDEUSDT",240,60,4,6,0.5,0.0004,additive,"volume,volume_sma_5,volume_std_5,volume_vs_sma_20,taker_buy_base_volume,taker_buy_quote_volume,quote_volume,number_of_trades",0,0,0.2,16,4,0.6,30,ok,bt-v2-1772626124561-ec2daea56a7d,1,0,0,0,0,0,0,0,100,
51,BTCUSDT,240,60,4,6,0.5,0.0004,additive,"volume,volume_sma_5,volume_std_5,volume_vs_sma_20,taker_buy_base_volume,taker_buy_quote_volume,quote_volume,number_of_trades",0,0,0.2,16,4,1,10,ok,bt-v2-1772626126007-87cdf6826cc3,1,0,0,0,0,0,0,0,100,
52,"BTCUSDT,ETHUSDT",240,60,4,6,0.5,0.0004,additive,"volume,volume_sma_5,volume_std_5,volume_vs_sma_20,taker_buy_base_volume,taker_buy_quote_volume,quote_volume,number_of_trades",0,0,0.2,16,4,1,10,ok,bt-v2-1772626127377-47449157ad82,1,0,0,0,0,0,0,0,100,
53,"BTCUSDT,ETHUSDT,BNBUSDT",240,60,4,6,0.5,0.0004,additive,"volume,volume_sma_5,volume_std_5,volume_vs_sma_20,taker_buy_base_volume,taker_buy_quote_volume,quote_volume,number_of_trades",0,0,0.2,16,4,1,10,ok,bt-v2-1772626128783-b2655d0aa67e,1,0,0,0,0,0,0,0,100,
54,"BTCUSDT,ETHUSDT,BNBUSDT,XRPUSDT,USDCUSDT",240,60,4,6,0.5,0.0004,additive,"volume,volume_sma_5,volume_std_5,volume_vs_sma_20,taker_buy_base_volume,taker_buy_quote_volume,quote_volume,number_of_trades",0,0,0.2,16,4,1,10,ok,bt-v2-1772626130187-8b9b6fcac7da,1,0,0,0,0,0,0,0,100,
55,"BTCUSDT,ETHUSDT,BNBUSDT,XRPUSDT,USDCUSDT,SOLUSDT,TRXUSDT,DOGEUSDT,ADAUSDT,BCHUSDT,LINKUSDT,USDEUSDT",240,60,4,6,0.5,0.0004,additive,"volume,volume_sma_5,volume_std_5,volume_vs_sma_20,taker_buy_base_volume,taker_buy_quote_volume,quote_volume,number_of_trades",0,0,0.2,16,4,1,10,ok,bt-v2-1772626131590-2bd39791fb88,1,0,0,0,0,0,0,0,100,
56,BTCUSDT,240,60,4,6,0.5,0.0004,additive,"volume,volume_sma_5,volume_std_5,volume_vs_sma_20,taker_buy_base_volume,taker_buy_quote_volume,quote_volume,number_of_trades",0,0,0.2,16,4,1,30,ok,bt-v2-1772626133002-6dda492a57f2,1,0,0,0,0,0,0,0,100,
57,"BTCUSDT,ETHUSDT",240,60,4,6,0.5,0.0004,additive,"volume,volume_sma_5,volume_std_5,volume_vs_sma_20,taker_buy_base_volume,taker_buy_quote_volume,quote_volume,number_of_trades",0,0,0.2,16,4,1,30,ok,bt-v2-1772626134373-174811c03e5e,1,0,0,0,0,0,0,0,100,
58,"BTCUSDT,ETHUSDT,BNBUSDT",240,60,4,6,0.5,0.0004,additive,"volume,volume_sma_5,volume_std_5,volume_vs_sma_20,taker_buy_base_volume,taker_buy_quote_volume,quote_volume,number_of_trades",0,0,0.2,16,4,1,30,ok,bt-v2-1772626135764-e7c09838c3de,1,0,0,0,0,0,0,0,100,
59,"BTCUSDT,ETHUSDT,BNBUSDT,XRPUSDT,USDCUSDT",240,60,4,6,0.5,0.0004,additive,"volume,volume_sma_5,volume_std_5,volume_vs_sma_20,taker_buy_base_volume,taker_buy_quote_volume,quote_volume,number_of_trades",0,0,0.2,16,4,1,30,ok,bt-v2-1772626137157-438947a57201,1,0,0,0,0,0,0,0,100,
60,"BTCUSDT,ETHUSDT,BNBUSDT,XRPUSDT,USDCUSDT,SOLUSDT,TRXUSDT,DOGEUSDT,ADAUSDT,BCHUSDT,LINKUSDT,USDEUSDT",240,60,4,6,0.5,0.0004,additive,"volume,volume_sma_5,volume_std_5,volume_vs_sma_20,taker_buy_base_volume,taker_buy_quote_volume,quote_volume,number_of_trades",0,0,0.2,16,4,1,30,ok,bt-v2-1772626138561-4339c86127e1,1,0,0,0,0,0,0,0,100,
61,BTCUSDT,240,60,4,6,0.5,0.0004,additive,"volume,volume_sma_5,volume_std_5,volume_vs_sma_20,taker_buy_base_volume,taker_buy_quote_volume,quote_volume,number_of_trades",0,0,0.2,16,8,0.6,10,ok,bt-v2-1772626139983-157d20506a67,1,0,0,0,0,0,0,0,100,
62,"BTCUSDT,ETHUSDT",240,60,4,6,0.5,0.0004,additive,"volume,volume_sma_5,volume_std_5,volume_vs_sma_20,taker_buy_base_volume,taker_buy_quote_volume,quote_volume,number_of_trades",0,0,0.2,16,8,0.6,10,ok,bt-v2-1772626141379-76bbd92d4edd,1,0,0,0,0,0,0,0,100,
63,"BTCUSDT,ETHUSDT,BNBUSDT",240,60,4,6,0.5,0.0004,additive,"volume,volume_sma_5,volume_std_5,volume_vs_sma_20,taker_buy_base_volume,taker_buy_quote_volume,quote_volume,number_of_trades",0,0,0.2,16,8,0.6,10,ok,bt-v2-1772626142769-f3b28160f5ed,1,0,0,0,0,0,0,0,100,
64,"BTCUSDT,ETHUSDT,BNBUSDT,XRPUSDT,USDCUSDT",240,60,4,6,0.5,0.0004,additive,"volume,volume_sma_5,volume_std_5,volume_vs_sma_20,taker_buy_base_volume,taker_buy_quote_volume,quote_volume,number_of_trades",0,0,0.2,16,8,0.6,10,ok,bt-v2-1772626144150-bcb607209983,1,0,0,0,0,0,0,0,100,
65,"BTCUSDT,ETHUSDT,BNBUSDT,XRPUSDT,USDCUSDT,SOLUSDT,TRXUSDT,DOGEUSDT,ADAUSDT,BCHUSDT,LINKUSDT,USDEUSDT",240,60,4,6,0.5,0.0004,additive,"volume,volume_sma_5,volume_std_5,volume_vs_sma_20,taker_buy_base_volume,taker_buy_quote_volume,quote_volume,number_of_trades",0,0,0.2,16,8,0.6,10,ok,bt-v2-1772626145557-51ce12d30015,1,0,0,0,0,0,0,0,100,
66,BTCUSDT,240,60,4,6,0.5,0.0004,additive,"volume,volume_sma_5,volume_std_5,volume_vs_sma_20,taker_buy_base_volume,taker_buy_quote_volume,quote_volume,number_of_trades",0,0,0.2,16,8,0.6,30,ok,bt-v2-1772626147028-8eeac919ae64,1,0,0,0,0,0,0,0,100,
67,"BTCUSDT,ETHUSDT",240,60,4,6,0.5,0.0004,additive,"volume,volume_sma_5,volume_std_5,volume_vs_sma_20,taker_buy_base_volume,taker_buy_quote_volume,quote_volume,number_of_trades",0,0,0.2,16,8,0.6,30,ok,bt-v2-1772626148393-ba58228c2f5e,1,0,0,0,0,0,0,0,100,
68,"BTCUSDT,ETHUSDT,BNBUSDT",240,60,4,6,0.5,0.0004,additive,"volume,volume_sma_5,volume_std_5,volume_vs_sma_20,taker_buy_base_volume,taker_buy_quote_volume,quote_volume,number_of_trades",0,0,0.2,16,8,0.6,30,ok,bt-v2-1772626149778-6f40d9a9f553,1,0,0,0,0,0,0,0,100,
69,"BTCUSDT,ETHUSDT,BNBUSDT,XRPUSDT,USDCUSDT",240,60,4,6,0.5,0.0004,additive,"volume,volume_sma_5,volume_std_5,volume_vs_sma_20,taker_buy_base_volume,taker_buy_quote_volume,quote_volume,number_of_trades",0,0,0.2,16,8,0.6,30,ok,bt-v2-1772626151187-65c7cbbe4bb7,1,0,0,0,0,0,0,0,100,
70,"BTCUSDT,ETHUSDT,BNBUSDT,XRPUSDT,USDCUSDT,SOLUSDT,TRXUSDT,DOGEUSDT,ADAUSDT,BCHUSDT,LINKUSDT,USDEUSDT",240,60,4,6,0.5,0.0004,additive,"volume,volume_sma_5,volume_std_5,volume_vs_sma_20,taker_buy_base_volume,taker_buy_quote_volume,quote_volume,number_of_trades",0,0,0.2,16,8,0.6,30,ok,bt-v2-1772626152583-5027c30ba601,1,0,0,0,0,0,0,0,100,
71,BTCUSDT,240,60,4,6,0.5,0.0004,additive,"volume,volume_sma_5,volume_std_5,volume_vs_sma_20,taker_buy_base_volume,taker_buy_quote_volume,quote_volume,number_of_trades",0,0,0.2,16,8,1,10,ok,bt-v2-1772626154008-a557fe199ebe,1,0,0,0,0,0,0,0,100,
72,"BTCUSDT,ETHUSDT",240,60,4,6,0.5,0.0004,additive,"volume,volume_sma_5,volume_std_5,volume_vs_sma_20,taker_buy_base_volume,taker_buy_quote_volume,quote_volume,number_of_trades",0,0,0.2,16,8,1,10,ok,bt-v2-1772626155388-9830a94226bc,1,0,0,0,0,0,0,0,100,
73,"BTCUSDT,ETHUSDT,BNBUSDT",240,60,4,6,0.5,0.0004,additive,"volume,volume_sma_5,volume_std_5,volume_vs_sma_20,taker_buy_base_volume,taker_buy_quote_volume,quote_volume,number_of_trades",0,0,0.2,16,8,1,10,ok,bt-v2-1772626156791-2b399d5f1e9f,1,0,0,0,0,0,0,0,100,
74,"BTCUSDT,ETHUSDT,BNBUSDT,XRPUSDT,USDCUSDT",240,60,4,6,0.5,0.0004,additive,"volume,volume_sma_5,volume_std_5,volume_vs_sma_20,taker_buy_base_volume,taker_buy_quote_volume,quote_volume,number_of_trades",0,0,0.2,16,8,1,10,ok,bt-v2-1772626158204-2479c13dee02,1,0,0,0,0,0,0,0,100,
75,"BTCUSDT,ETHUSDT,BNBUSDT,XRPUSDT,USDCUSDT,SOLUSDT,TRXUSDT,DOGEUSDT,ADAUSDT,BCHUSDT,LINKUSDT,USDEUSDT",240,60,4,6,0.5,0.0004,additive,"volume,volume_sma_5,volume_std_5,volume_vs_sma_20,taker_buy_base_volume,taker_buy_quote_volume,quote_volume,number_of_trades",0,0,0.2,16,8,1,10,ok,bt-v2-1772626159603-285bcd5e682d,1,0,0,0,0,0,0,0,100,
76,BTCUSDT,240,60,4,6,0.5,0.0004,additive,"volume,volume_sma_5,volume_std_5,volume_vs_sma_20,taker_buy_base_volume,taker_buy_quote_volume,quote_volume,number_of_trades",0,0,0.2,16,8,1,30,ok,bt-v2-1772626161054-90c06215cc59,1,0,0,0,0,0,0,0,100,
77,"BTCUSDT,ETHUSDT",240,60,4,6,0.5,0.0004,additive,"volume,volume_sma_5,volume_std_5,volume_vs_sma_20,taker_buy_base_volume,taker_buy_quote_volume,quote_volume,number_of_trades",0,0,0.2,16,8,1,30,ok,bt-v2-1772626162471-fef85ece76cd,1,0,0,0,0,0,0,0,100,
78,"BTCUSDT,ETHUSDT,BNBUSDT",240,60,4,6,0.5,0.0004,additive,"volume,volume_sma_5,volume_std_5,volume_vs_sma_20,taker_buy_base_volume,taker_buy_quote_volume,quote_volume,number_of_trades",0,0,0.2,16,8,1,30,ok,bt-v2-1772626163874-f6fc12250526,1,0,0,0,0,0,0,0,100,
79,"BTCUSDT,ETHUSDT,BNBUSDT,XRPUSDT,USDCUSDT",240,60,4,6,0.5,0.0004,additive,"volume,volume_sma_5,volume_std_5,volume_vs_sma_20,taker_buy_base_volume,taker_buy_quote_volume,quote_volume,number_of_trades",0,0,0.2,16,8,1,30,ok,bt-v2-1772626165277-952a3639e760,1,0,0,0,0,0,0,0,100,
80,"BTCUSDT,ETHUSDT,BNBUSDT,XRPUSDT,USDCUSDT,SOLUSDT,TRXUSDT,DOGEUSDT,ADAUSDT,BCHUSDT,LINKUSDT,USDEUSDT",240,60,4,6,0.5,0.0004,additive,"volume,volume_sma_5,volume_std_5,volume_vs_sma_20,taker_buy_base_volume,taker_buy_quote_volume,quote_volume,number_of_trades",0,0,0.2,16,8,1,30,ok,bt-v2-1772626166688-8628c4a8ba10,1,0,0,0,0,0,0,0,100,
81,BTCUSDT,240,60,4,6,0.5,0.0004,additive,"volume,volume_sma_5,volume_std_5,volume_vs_sma_20,taker_buy_base_volume,taker_buy_quote_volume,quote_volume,number_of_trades",0,0,0.4,8,4,0.6,10,ok,bt-v2-1772626168122-078513680e68,1,0,0,0,0,0,0,0,100,
82,"BTCUSDT,ETHUSDT",240,60,4,6,0.5,0.0004,additive,"volume,volume_sma_5,volume_std_5,volume_vs_sma_20,taker_buy_base_volume,taker_buy_quote_volume,quote_volume,number_of_trades",0,0,0.4,8,4,0.6,10,ok,bt-v2-1772626169500-4a17fde863d5,1,0,0,0,0,0,0,0,100,
83,"BTCUSDT,ETHUSDT,BNBUSDT",240,60,4,6,0.5,0.0004,additive,"volume,volume_sma_5,volume_std_5,volume_vs_sma_20,taker_buy_base_volume,taker_buy_quote_volume,quote_volume,number_of_trades",0,0,0.4,8,4,0.6,10,ok,bt-v2-1772626170896-ac6d79fa8818,1,0,0,0,0,0,0,0,100,
84,"BTCUSDT,ETHUSDT,BNBUSDT,XRPUSDT,USDCUSDT",240,60,4,6,0.5,0.0004,additive,"volume,volume_sma_5,volume_std_5,volume_vs_sma_20,taker_buy_base_volume,taker_buy_quote_volume,quote_volume,number_of_trades",0,0,0.4,8,4,0.6,10,ok,bt-v2-1772626172282-996bd6fa3bf4,1,0,0,0,0,0,0,0,100,
85,"BTCUSDT,ETHUSDT,BNBUSDT,XRPUSDT,USDCUSDT,SOLUSDT,TRXUSDT,DOGEUSDT,ADAUSDT,BCHUSDT,LINKUSDT,USDEUSDT",240,60,4,6,0.5,0.0004,additive,"volume,volume_sma_5,volume_std_5,volume_vs_sma_20,taker_buy_base_volume,taker_buy_quote_volume,quote_volume,number_of_trades",0,0,0.4,8,4,0.6,10,ok,bt-v2-1772626173698-262a206f311b,1,0,0,0,0,0,0,0,100,
86,BTCUSDT,240,60,4,6,0.5,0.0004,additive,"volume,volume_sma_5,volume_std_5,volume_vs_sma_20,taker_buy_base_volume,taker_buy_quote_volume,quote_volume,number_of_trades",0,0,0.4,8,4,0.6,30,ok,bt-v2-1772626175134-964022cc19ff,1,0,0,0,0,0,0,0,100,
87,"BTCUSDT,ETHUSDT",240,60,4,6,0.5,0.0004,additive,"volume,volume_sma_5,volume_std_5,volume_vs_sma_20,taker_buy_base_volume,taker_buy_quote_volume,quote_volume,number_of_trades",0,0,0.4,8,4,0.6,30,ok,bt-v2-1772626176510-934179649ea1,1,0,0,0,0,0,0,0,100,
88,"BTCUSDT,ETHUSDT,BNBUSDT",240,60,4,6,0.5,0.0004,additive,"volume,volume_sma_5,volume_std_5,volume_vs_sma_20,taker_buy_base_volume,taker_buy_quote_volume,quote_volume,number_of_trades",0,0,0.4,8,4,0.6,30,ok,bt-v2-1772626177915-5bbcd20a2c47,1,0,0,0,0,0,0,0,100,
89,"BTCUSDT,ETHUSDT,BNBUSDT,XRPUSDT,USDCUSDT",240,60,4,6,0.5,0.0004,additive,"volume,volume_sma_5,volume_std_5,volume_vs_sma_20,taker_buy_base_volume,taker_buy_quote_volume,quote_volume,number_of_trades",0,0,0.4,8,4,0.6,30,ok,bt-v2-1772626179288-5fcb5531c25a,1,0,0,0,0,0,0,0,100,
90,"BTCUSDT,ETHUSDT,BNBUSDT,XRPUSDT,USDCUSDT,SOLUSDT,TRXUSDT,DOGEUSDT,ADAUSDT,BCHUSDT,LINKUSDT,USDEUSDT",240,60,4,6,0.5,0.0004,additive,"volume,volume_sma_5,volume_std_5,volume_vs_sma_20,taker_buy_base_volume,taker_buy_quote_volume,quote_volume,number_of_trades",0,0,0.4,8,4,0.6,30,ok,bt-v2-1772626180705-62828a4a9dfb,1,0,0,0,0,0,0,0,100,
91,BTCUSDT,240,60,4,6,0.5,0.0004,additive,"volume,volume_sma_5,volume_std_5,volume_vs_sma_20,taker_buy_base_volume,taker_buy_quote_volume,quote_volume,number_of_trades",0,0,0.4,8,4,1,10,ok,bt-v2-1772626182164-4a29bbff88d0,1,0,0,0,0,0,0,0,100,
92,"BTCUSDT,ETHUSDT",240,60,4,6,0.5,0.0004,additive,"volume,volume_sma_5,volume_std_5,volume_vs_sma_20,taker_buy_base_volume,taker_buy_quote_volume,quote_volume,number_of_trades",0,0,0.4,8,4,1,10,ok,bt-v2-1772626183552-4f89764bb295,1,0,0,0,0,0,0,0,100,
93,"BTCUSDT,ETHUSDT,BNBUSDT",240,60,4,6,0.5,0.0004,additive,"volume,volume_sma_5,volume_std_5,volume_vs_sma_20,taker_buy_base_volume,taker_buy_quote_volume,quote_volume,number_of_trades",0,0,0.4,8,4,1,10,ok,bt-v2-1772626184962-bf94d89c668e,1,0,0,0,0,0,0,0,100,
94,"BTCUSDT,ETHUSDT,BNBUSDT,XRPUSDT,USDCUSDT",240,60,4,6,0.5,0.0004,additive,"volume,volume_sma_5,volume_std_5,volume_vs_sma_20,taker_buy_base_volume,taker_buy_quote_volume,quote_volume,number_of_trades",0,0,0.4,8,4,1,10,ok,bt-v2-1772626186324-40668bc6aea2,1,0,0,0,0,0,0,0,100,
95,"BTCUSDT,ETHUSDT,BNBUSDT,XRPUSDT,USDCUSDT,SOLUSDT,TRXUSDT,DOGEUSDT,ADAUSDT,BCHUSDT,LINKUSDT,USDEUSDT",240,60,4,6,0.5,0.0004,additive,"volume,volume_sma_5,volume_std_5,volume_vs_sma_20,taker_buy_base_volume,taker_buy_quote_volume,quote_volume,number_of_trades",0,0,0.4,8,4,1,10,ok,bt-v2-1772626187729-9fc2afb9ed66,1,0,0,0,0,0,0,0,100,
96,BTCUSDT,240,60,4,6,0.5,0.0004,additive,"volume,volume_sma_5,volume_std_5,volume_vs_sma_20,taker_buy_base_volume,taker_buy_quote_volume,quote_volume,number_of_trades",0,0,0.4,8,4,1,30,ok,bt-v2-1772626189140-b544295fb591,1,0,0,0,0,0,0,0,100,
97,"BTCUSDT,ETHUSDT",240,60,4,6,0.5,0.0004,additive,"volume,volume_sma_5,volume_std_5,volume_vs_sma_20,taker_buy_base_volume,taker_buy_quote_volume,quote_volume,number_of_trades",0,0,0.4,8,4,1,30,ok,bt-v2-1772626190566-af9e2eead3fd,1,0,0,0,0,0,0,0,100,
98,"BTCUSDT,ETHUSDT,BNBUSDT",240,60,4,6,0.5,0.0004,additive,"volume,volume_sma_5,volume_std_5,volume_vs_sma_20,taker_buy_base_volume,taker_buy_quote_volume,quote_volume,number_of_trades",0,0,0.4,8,4,1,30,ok,bt-v2-1772626191939-064419843ac8,1,0,0,0,0,0,0,0,100,
99,"BTCUSDT,ETHUSDT,BNBUSDT,XRPUSDT,USDCUSDT",240,60,4,6,0.5,0.0004,additive,"volume,volume_sma_5,volume_std_5,volume_vs_sma_20,taker_buy_base_volume,taker_buy_quote_volume,quote_volume,number_of_trades",0,0,0.4,8,4,1,30,ok,bt-v2-1772626193307-b2753a6ac64b,1,0,0,0,0,0,0,0,100,
100,"BTCUSDT,ETHUSDT,BNBUSDT,XRPUSDT,USDCUSDT,SOLUSDT,TRXUSDT,DOGEUSDT,ADAUSDT,BCHUSDT,LINKUSDT,USDEUSDT",240,60,4,6,0.5,0.0004,additive,"volume,volume_sma_5,volume_std_5,volume_vs_sma_20,taker_buy_base_volume,taker_buy_quote_volume,quote_volume,number_of_trades",0,0,0.4,8,4,1,30,ok,bt-v2-1772626194718-483429edc7c2,1,0,0,0,0,0,0,0,100,
101,BTCUSDT,240,60,4,6,0.5,0.0004,additive,"volume,volume_sma_5,volume_std_5,volume_vs_sma_20,taker_buy_base_volume,taker_buy_quote_volume,quote_volume,number_of_trades",0,0,0.4,8,8,0.6,10,ok,bt-v2-1772626196162-34aac5eca14a,1,0,0,0,0,0,0,0,100,
102,"BTCUSDT,ETHUSDT",240,60,4,6,0.5,0.0004,additive,"volume,volume_sma_5,volume_std_5,volume_vs_sma_20,taker_buy_base_volume,taker_buy_quote_volume,quote_volume,number_of_trades",0,0,0.4,8,8,0.6,10,ok,bt-v2-1772626197544-ab58aca94b0d,1,0,0,0,0,0,0,0,100,
103,"BTCUSDT,ETHUSDT,BNBUSDT",240,60,4,6,0.5,0.0004,additive,"volume,volume_sma_5,volume_std_5,volume_vs_sma_20,taker_buy_base_volume,taker_buy_quote_volume,quote_volume,number_of_trades",0,0,0.4,8,8,0.6,10,ok,bt-v2-1772626198967-e6c7d5363036,1,0,0,0,0,0,0,0,100,
104,"BTCUSDT,ETHUSDT,BNBUSDT,XRPUSDT,USDCUSDT",240,60,4,6,0.5,0.0004,additive,"volume,volume_sma_5,volume_std_5,volume_vs_sma_20,taker_buy_base_volume,taker_buy_quote_volume,quote_volume,number_of_trades",0,0,0.4,8,8,0.6,10,ok,bt-v2-1772626200350-5ec0c4cbb121,1,0,0,0,0,0,0,0,100,
105,"BTCUSDT,ETHUSDT,BNBUSDT,XRPUSDT,USDCUSDT,SOLUSDT,TRXUSDT,DOGEUSDT,ADAUSDT,BCHUSDT,LINKUSDT,USDEUSDT",240,60,4,6,0.5,0.0004,additive,"volume,volume_sma_5,volume_std_5,volume_vs_sma_20,taker_buy_base_volume,taker_buy_quote_volume,quote_volume,number_of_trades",0,0,0.4,8,8,0.6,10,ok,bt-v2-1772626201765-dd499cb06f8a,1,0,0,0,0,0,0,0,100,
106,BTCUSDT,240,60,4,6,0.5,0.0004,additive,"volume,volume_sma_5,volume_std_5,volume_vs_sma_20,taker_buy_base_volume,taker_buy_quote_volume,quote_volume,number_of_trades",0,0,0.4,8,8,0.6,30,ok,bt-v2-1772626203204-a94e6a828c45,1,0,0,0,0,0,0,0,100,
107,"BTCUSDT,ETHUSDT",240,60,4,6,0.5,0.0004,additive,"volume,volume_sma_5,volume_std_5,volume_vs_sma_20,taker_buy_base_volume,taker_buy_quote_volume,quote_volume,number_of_trades",0,0,0.4,8,8,0.6,30,ok,bt-v2-1772626204584-f32d9a6ea80e,1,0,0,0,0,0,0,0,100,
108,"BTCUSDT,ETHUSDT,BNBUSDT",240,60,4,6,0.5,0.0004,additive,"volume,volume_sma_5,volume_std_5,volume_vs_sma_20,taker_buy_base_volume,taker_buy_quote_volume,quote_volume,number_of_trades",0,0,0.4,8,8,0.6,30,ok,bt-v2-1772626205965-7944cec858f6,1,0,0,0,0,0,0,0,100,
109,"BTCUSDT,ETHUSDT,BNBUSDT,XRPUSDT,USDCUSDT",240,60,4,6,0.5,0.0004,additive,"volume,volume_sma_5,volume_std_5,volume_vs_sma_20,taker_buy_base_volume,taker_buy_quote_volume,quote_volume,number_of_trades",0,0,0.4,8,8,0.6,30,ok,bt-v2-1772626207355-1c177c31f2fa,1,0,0,0,0,0,0,0,100,
110,"BTCUSDT,ETHUSDT,BNBUSDT,XRPUSDT,USDCUSDT,SOLUSDT,TRXUSDT,DOGEUSDT,ADAUSDT,BCHUSDT,LINKUSDT,USDEUSDT",240,60,4,6,0.5,0.0004,additive,"volume,volume_sma_5,volume_std_5,volume_vs_sma_20,taker_buy_base_volume,taker_buy_quote_volume,quote_volume,number_of_trades",0,0,0.4,8,8,0.6,30,ok,bt-v2-1772626208806-7bc3102a3882,1,0,0,0,0,0,0,0,100,
111,BTCUSDT,240,60,4,6,0.5,0.0004,additive,"volume,volume_sma_5,volume_std_5,volume_vs_sma_20,taker_buy_base_volume,taker_buy_quote_volume,quote_volume,number_of_trades",0,0,0.4,8,8,1,10,ok,bt-v2-1772626210239-aeadd2c4b2ca,1,0,0,0,0,0,0,0,100,
112,"BTCUSDT,ETHUSDT",240,60,4,6,0.5,0.0004,additive,"volume,volume_sma_5,volume_std_5,volume_vs_sma_20,taker_buy_base_volume,taker_buy_quote_volume,quote_volume,number_of_trades",0,0,0.4,8,8,1,10,ok,bt-v2-1772626211633-09cd443c119b,1,0,0,0,0,0,0,0,100,
113,"BTCUSDT,ETHUSDT,BNBUSDT",240,60,4,6,0.5,0.0004,additive,"volume,volume_sma_5,volume_std_5,volume_vs_sma_20,taker_buy_base_volume,taker_buy_quote_volume,quote_volume,number_of_trades",0,0,0.4,8,8,1,10,ok,bt-v2-1772626213021-4c450096b290,1,0,0,0,0,0,0,0,100,
114,"BTCUSDT,ETHUSDT,BNBUSDT,XRPUSDT,USDCUSDT",240,60,4,6,0.5,0.0004,additive,"volume,volume_sma_5,volume_std_5,volume_vs_sma_20,taker_buy_base_volume,taker_buy_quote_volume,quote_volume,number_of_trades",0,0,0.4,8,8,1,10,ok,bt-v2-1772626214420-4a8610ef00e9,1,0,0,0,0,0,0,0,100,
115,"BTCUSDT,ETHUSDT,BNBUSDT,XRPUSDT,USDCUSDT,SOLUSDT,TRXUSDT,DOGEUSDT,ADAUSDT,BCHUSDT,LINKUSDT,USDEUSDT",240,60,4,6,0.5,0.0004,additive,"volume,volume_sma_5,volume_std_5,volume_vs_sma_20,taker_buy_base_volume,taker_buy_quote_volume,quote_volume,number_of_trades",0,0,0.4,8,8,1,10,ok,bt-v2-1772626215855-5ba8c7df8126,1,0,0,0,0,0,0,0,100,
116,BTCUSDT,240,60,4,6,0.5,0.0004,additive,"volume,volume_sma_5,volume_std_5,volume_vs_sma_20,taker_buy_base_volume,taker_buy_quote_volume,quote_volume,number_of_trades",0,0,0.4,8,8,1,30,ok,bt-v2-1772626217299-fae736b59d37,1,0,0,0,0,0,0,0,100,
117,"BTCUSDT,ETHUSDT",240,60,4,6,0.5,0.0004,additive,"volume,volume_sma_5,volume_std_5,volume_vs_sma_20,taker_buy_base_volume,taker_buy_quote_volume,quote_volume,number_of_trades",0,0,0.4,8,8,1,30,ok,bt-v2-1772626218723-759c89d2cf97,1,0,0,0,0,0,0,0,100,
118,"BTCUSDT,ETHUSDT,BNBUSDT",240,60,4,6,0.5,0.0004,additive,"volume,volume_sma_5,volume_std_5,volume_vs_sma_20,taker_buy_base_volume,taker_buy_quote_volume,quote_volume,number_of_trades",0,0,0.4,8,8,1,30,ok,bt-v2-1772626220106-efb9da454c2e,1,0,0,0,0,0,0,0,100,
119,"BTCUSDT,ETHUSDT,BNBUSDT,XRPUSDT,USDCUSDT",240,60,4,6,0.5,0.0004,additive,"volume,volume_sma_5,volume_std_5,volume_vs_sma_20,taker_buy_base_volume,taker_buy_quote_volume,quote_volume,number_of_trades",0,0,0.4,8,8,1,30,ok,bt-v2-1772626221483-2877771bcb3b,1,0,0,0,0,0,0,0,100,
120,"BTCUSDT,ETHUSDT,BNBUSDT,XRPUSDT,USDCUSDT,SOLUSDT,TRXUSDT,DOGEUSDT,ADAUSDT,BCHUSDT,LINKUSDT,USDEUSDT",240,60,4,6,0.5,0.0004,additive,"volume,volume_sma_5,volume_std_5,volume_vs_sma_20,taker_buy_base_volume,taker_buy_quote_volume,quote_volume,number_of_trades",0,0,0.4,8,8,1,30,ok,bt-v2-1772626222879-91dfcfc570c8,1,0,0,0,0,0,0,0,100,
121,BTCUSDT,240,60,4,6,0.5,0.0004,additive,"volume,volume_sma_5,volume_std_5,volume_vs_sma_20,taker_buy_base_volume,taker_buy_quote_volume,quote_volume,number_of_trades",0,0,0.4,16,4,0.6,10,ok,bt-v2-1772626224299-baefb0297bfa,1,0,0,0,0,0,0,0,100,
122,"BTCUSDT,ETHUSDT",240,60,4,6,0.5,0.0004,additive,"volume,volume_sma_5,volume_std_5,volume_vs_sma_20,taker_buy_base_volume,taker_buy_quote_volume,quote_volume,number_of_trades",0,0,0.4,16,4,0.6,10,ok,bt-v2-1772626225697-72f97dad4cea,1,0,0,0,0,0,0,0,100,
123,"BTCUSDT,ETHUSDT,BNBUSDT",240,60,4,6,0.5,0.0004,additive,"volume,volume_sma_5,volume_std_5,volume_vs_sma_20,taker_buy_base_volume,taker_buy_quote_volume,quote_volume,number_of_trades",0,0,0.4,16,4,0.6,10,ok,bt-v2-1772626227084-421a97e338ea,1,0,0,0,0,0,0,0,100,
124,"BTCUSDT,ETHUSDT,BNBUSDT,XRPUSDT,USDCUSDT",240,60,4,6,0.5,0.0004,additive,"volume,volume_sma_5,volume_std_5,volume_vs_sma_20,taker_buy_base_volume,taker_buy_quote_volume,quote_volume,number_of_trades",0,0,0.4,16,4,0.6,10,ok,bt-v2-1772626228524-6f47d224ec02,1,0,0,0,0,0,0,0,100,
125,"BTCUSDT,ETHUSDT,BNBUSDT,XRPUSDT,USDCUSDT,SOLUSDT,TRXUSDT,DOGEUSDT,ADAUSDT,BCHUSDT,LINKUSDT,USDEUSDT",240,60,4,6,0.5,0.0004,additive,"volume,volume_sma_5,volume_std_5,volume_vs_sma_20,taker_buy_base_volume,taker_buy_quote_volume,quote_volume,number_of_trades",0,0,0.4,16,4,0.6,10,ok,bt-v2-1772626229919-a47f1cc5284a,1,0,0,0,0,0,0,0,100,
126,BTCUSDT,240,60,4,6,0.5,0.0004,additive,"volume,volume_sma_5,volume_std_5,volume_vs_sma_20,taker_buy_base_volume,taker_buy_quote_volume,quote_volume,number_of_trades",0,0,0.4,16,4,0.6,30,ok,bt-v2-1772626231386-da8ea6e2786d,1,0,0,0,0,0,0,0,100,
127,"BTCUSDT,ETHUSDT",240,60,4,6,0.5,0.0004,additive,"volume,volume_sma_5,volume_std_5,volume_vs_sma_20,taker_buy_base_volume,taker_buy_quote_volume,quote_volume,number_of_trades",0,0,0.4,16,4,0.6,30,ok,bt-v2-1772626232797-2f1fe8a4323e,1,0,0,0,0,0,0,0,100,
128,"BTCUSDT,ETHUSDT,BNBUSDT",240,60,4,6,0.5,0.0004,additive,"volume,volume_sma_5,volume_std_5,volume_vs_sma_20,taker_buy_base_volume,taker_buy_quote_volume,quote_volume,number_of_trades",0,0,0.4,16,4,0.6,30,ok,bt-v2-1772626234184-b9edf1cb1116,1,0,0,0,0,0,0,0,100,
129,"BTCUSDT,ETHUSDT,BNBUSDT,XRPUSDT,USDCUSDT",240,60,4,6,0.5,0.0004,additive,"volume,volume_sma_5,volume_std_5,volume_vs_sma_20,taker_buy_base_volume,taker_buy_quote_volume,quote_volume,number_of_trades",0,0,0.4,16,4,0.6,30,ok,bt-v2-1772626235591-ee7021b397af,1,0,0,0,0,0,0,0,100,
130,"BTCUSDT,ETHUSDT,BNBUSDT,XRPUSDT,USDCUSDT,SOLUSDT,TRXUSDT,DOGEUSDT,ADAUSDT,BCHUSDT,LINKUSDT,USDEUSDT",240,60,4,6,0.5,0.0004,additive,"volume,volume_sma_5,volume_std_5,volume_vs_sma_20,taker_buy_base_volume,taker_buy_quote_volume,quote_volume,number_of_trades",0,0,0.4,16,4,0.6,30,ok,bt-v2-1772626237012-b7d060efd22d,1,0,0,0,0,0,0,0,100,
131,BTCUSDT,240,60,4,6,0.5,0.0004,additive,"volume,volume_sma_5,volume_std_5,volume_vs_sma_20,taker_buy_base_volume,taker_buy_quote_volume,quote_volume,number_of_trades",0,0,0.4,16,4,1,10,ok,bt-v2-1772626238441-115bc319933b,1,0,0,0,0,0,0,0,100,
132,"BTCUSDT,ETHUSDT",240,60,4,6,0.5,0.0004,additive,"volume,volume_sma_5,volume_std_5,volume_vs_sma_20,taker_buy_base_volume,taker_buy_quote_volume,quote_volume,number_of_trades",0,0,0.4,16,4,1,10,ok,bt-v2-1772626239833-cb18953c0fc6,1,0,0,0,0,0,0,0,100,
133,"BTCUSDT,ETHUSDT,BNBUSDT",240,60,4,6,0.5,0.0004,additive,"volume,volume_sma_5,volume_std_5,volume_vs_sma_20,taker_buy_base_volume,taker_buy_quote_volume,quote_volume,number_of_trades",0,0,0.4,16,4,1,10,ok,bt-v2-1772626241234-fd63cfd3e346,1,0,0,0,0,0,0,0,100,
134,"BTCUSDT,ETHUSDT,BNBUSDT,XRPUSDT,USDCUSDT",240,60,4,6,0.5,0.0004,additive,"volume,volume_sma_5,volume_std_5,volume_vs_sma_20,taker_buy_base_volume,taker_buy_quote_volume,quote_volume,number_of_trades",0,0,0.4,16,4,1,10,ok,bt-v2-1772626242639-fae0160f58ec,1,0,0,0,0,0,0,0,100,
135,"BTCUSDT,ETHUSDT,BNBUSDT,XRPUSDT,USDCUSDT,SOLUSDT,TRXUSDT,DOGEUSDT,ADAUSDT,BCHUSDT,LINKUSDT,USDEUSDT",240,60,4,6,0.5,0.0004,additive,"volume,volume_sma_5,volume_std_5,volume_vs_sma_20,taker_buy_base_volume,taker_buy_quote_volume,quote_volume,number_of_trades",0,0,0.4,16,4,1,10,ok,bt-v2-1772626244065-9f8ec8c5a500,1,0,0,0,0,0,0,0,100,
136,BTCUSDT,240,60,4,6,0.5,0.0004,additive,"volume,volume_sma_5,volume_std_5,volume_vs_sma_20,taker_buy_base_volume,taker_buy_quote_volume,quote_volume,number_of_trades",0,0,0.4,16,4,1,30,ok,bt-v2-1772626245524-937d64de72a4,1,0,0,0,0,0,0,0,100,
137,"BTCUSDT,ETHUSDT",240,60,4,6,0.5,0.0004,additive,"volume,volume_sma_5,volume_std_5,volume_vs_sma_20,taker_buy_base_volume,taker_buy_quote_volume,quote_volume,number_of_trades",0,0,0.4,16,4,1,30,ok,bt-v2-1772626246921-ec720582125b,1,0,0,0,0,0,0,0,100,
138,"BTCUSDT,ETHUSDT,BNBUSDT",240,60,4,6,0.5,0.0004,additive,"volume,volume_sma_5,volume_std_5,volume_vs_sma_20,taker_buy_base_volume,taker_buy_quote_volume,quote_volume,number_of_trades",0,0,0.4,16,4,1,30,ok,bt-v2-1772626248318-79c5196ef36d,1,0,0,0,0,0,0,0,100,
139,"BTCUSDT,ETHUSDT,BNBUSDT,XRPUSDT,USDCUSDT",240,60,4,6,0.5,0.0004,additive,"volume,volume_sma_5,volume_std_5,volume_vs_sma_20,taker_buy_base_volume,taker_buy_quote_volume,quote_volume,number_of_trades",0,0,0.4,16,4,1,30,ok,bt-v2-1772626249714-c2bf97964441,1,0,0,0,0,0,0,0,100,
140,"BTCUSDT,ETHUSDT,BNBUSDT,XRPUSDT,USDCUSDT,SOLUSDT,TRXUSDT,DOGEUSDT,ADAUSDT,BCHUSDT,LINKUSDT,USDEUSDT",240,60,4,6,0.5,0.0004,additive,"volume,volume_sma_5,volume_std_5,volume_vs_sma_20,taker_buy_base_volume,taker_buy_quote_volume,quote_volume,number_of_trades",0,0,0.4,16,4,1,30,ok,bt-v2-1772626251130-841de11085a9,1,0,0,0,0,0,0,0,100,
141,BTCUSDT,240,60,4,6,0.5,0.0004,additive,"volume,volume_sma_5,volume_std_5,volume_vs_sma_20,taker_buy_base_volume,taker_buy_quote_volume,quote_volume,number_of_trades",0,0,0.4,16,8,0.6,10,ok,bt-v2-1772626252590-2f62c0b331d5,1,0,0,0,0,0,0,0,100,
142,"BTCUSDT,ETHUSDT",240,60,4,6,0.5,0.0004,additive,"volume,volume_sma_5,volume_std_5,volume_vs_sma_20,taker_buy_base_volume,taker_buy_quote_volume,quote_volume,number_of_trades",0,0,0.4,16,8,0.6,10,ok,bt-v2-1772626253976-3a47da0fdcd0,1,0,0,0,0,0,0,0,100,
143,"BTCUSDT,ETHUSDT,BNBUSDT",240,60,4,6,0.5,0.0004,additive,"volume,volume_sma_5,volume_std_5,volume_vs_sma_20,taker_buy_base_volume,taker_buy_quote_volume,quote_volume,number_of_trades",0,0,0.4,16,8,0.6,10,ok,bt-v2-1772626255343-584b0c199991,1,0,0,0,0,0,0,0,100,
144,"BTCUSDT,ETHUSDT,BNBUSDT,XRPUSDT,USDCUSDT",240,60,4,6,0.5,0.0004,additive,"volume,volume_sma_5,volume_std_5,volume_vs_sma_20,taker_buy_base_volume,taker_buy_quote_volume,quote_volume,number_of_trades",0,0,0.4,16,8,0.6,10,ok,bt-v2-1772626256737-cd18375b1ca1,1,0,0,0,0,0,0,0,100,
145,"BTCUSDT,ETHUSDT,BNBUSDT,XRPUSDT,USDCUSDT,SOLUSDT,TRXUSDT,DOGEUSDT,ADAUSDT,BCHUSDT,LINKUSDT,USDEUSDT",240,60,4,6,0.5,0.0004,additive,"volume,volume_sma_5,volume_std_5,volume_vs_sma_20,taker_buy_base_volume,taker_buy_quote_volume,quote_volume,number_of_trades",0,0,0.4,16,8,0.6,10,ok,bt-v2-1772626258155-bf0e5a179f9c,1,0,0,0,0,0,0,0,100,
146,BTCUSDT,240,60,4,6,0.5,0.0004,additive,"volume,volume_sma_5,volume_std_5,volume_vs_sma_20,taker_buy_base_volume,taker_buy_quote_volume,quote_volume,number_of_trades",0,0,0.4,16,8,0.6,30,ok,bt-v2-1772626259597-2a6d735a14ce,1,0,0,0,0,0,0,0,100,
147,"BTCUSDT,ETHUSDT",240,60,4,6,0.5,0.0004,additive,"volume,volume_sma_5,volume_std_5,volume_vs_sma_20,taker_buy_base_volume,taker_buy_quote_volume,quote_volume,number_of_trades",0,0,0.4,16,8,0.6,30,ok,bt-v2-1772626260973-78a2fe55c63d,1,0,0,0,0,0,0,0,100,
148,"BTCUSDT,ETHUSDT,BNBUSDT",240,60,4,6,0.5,0.0004,additive,"volume,volume_sma_5,volume_std_5,volume_vs_sma_20,taker_buy_base_volume,taker_buy_quote_volume,quote_volume,number_of_trades",0,0,0.4,16,8,0.6,30,ok,bt-v2-1772626262389-424f246c4134,1,0,0,0,0,0,0,0,100,
149,"BTCUSDT,ETHUSDT,BNBUSDT,XRPUSDT,USDCUSDT",240,60,4,6,0.5,0.0004,additive,"volume,volume_sma_5,volume_std_5,volume_vs_sma_20,taker_buy_base_volume,taker_buy_quote_volume,quote_volume,number_of_trades",0,0,0.4,16,8,0.6,30,ok,bt-v2-1772626263750-3d8b6d79fe79,1,0,0,0,0,0,0,0,100,
150,"BTCUSDT,ETHUSDT,BNBUSDT,XRPUSDT,USDCUSDT,SOLUSDT,TRXUSDT,DOGEUSDT,ADAUSDT,BCHUSDT,LINKUSDT,USDEUSDT",240,60,4,6,0.5,0.0004,additive,"volume,volume_sma_5,volume_std_5,volume_vs_sma_20,taker_buy_base_volume,taker_buy_quote_volume,quote_volume,number_of_trades",0,0,0.4,16,8,0.6,30,ok,bt-v2-1772626265224-bfd0648550f0,1,0,0,0,0,0,0,0,100,
151,BTCUSDT,240,60,4,6,0.5,0.0004,additive,"volume,volume_sma_5,volume_std_5,volume_vs_sma_20,taker_buy_base_volume,taker_buy_quote_volume,quote_volume,number_of_trades",0,0,0.4,16,8,1,10,ok,bt-v2-1772626266678-1f183b534f6f,1,0,0,0,0,0,0,0,100,
152,"BTCUSDT,ETHUSDT",240,60,4,6,0.5,0.0004,additive,"volume,volume_sma_5,volume_std_5,volume_vs_sma_20,taker_buy_base_volume,taker_buy_quote_volume,quote_volume,number_of_trades",0,0,0.4,16,8,1,10,ok,bt-v2-1772626268100-1480736c7141,1,0,0,0,0,0,0,0,100,
153,"BTCUSDT,ETHUSDT,BNBUSDT",240,60,4,6,0.5,0.0004,additive,"volume,volume_sma_5,volume_std_5,volume_vs_sma_20,taker_buy_base_volume,taker_buy_quote_volume,quote_volume,number_of_trades",0,0,0.4,16,8,1,10,ok,bt-v2-1772626269434-8b9a88f6a886,1,0,0,0,0,0,0,0,100,
154,"BTCUSDT,ETHUSDT,BNBUSDT,XRPUSDT,USDCUSDT",240,60,4,6,0.5,0.0004,additive,"volume,volume_sma_5,volume_std_5,volume_vs_sma_20,taker_buy_base_volume,taker_buy_quote_volume,quote_volume,number_of_trades",0,0,0.4,16,8,1,10,ok,bt-v2-1772626270809-76104322119a,1,0,0,0,0,0,0,0,100,
155,"BTCUSDT,ETHUSDT,BNBUSDT,XRPUSDT,USDCUSDT,SOLUSDT,TRXUSDT,DOGEUSDT,ADAUSDT,BCHUSDT,LINKUSDT,USDEUSDT",240,60,4,6,0.5,0.0004,additive,"volume,volume_sma_5,volume_std_5,volume_vs_sma_20,taker_buy_base_volume,taker_buy_quote_volume,quote_volume,number_of_trades",0,0,0.4,16,8,1,10,ok,bt-v2-1772626272144-4dfc2775432a,1,0,0,0,0,0,0,0,100,
156,BTCUSDT,240,60,4,6,0.5,0.0004,additive,"volume,volume_sma_5,volume_std_5,volume_vs_sma_20,taker_buy_base_volume,taker_buy_quote_volume,quote_volume,number_of_trades",0,0,0.4,16,8,1,30,ok,bt-v2-1772626273577-aead158a27ae,1,0,0,0,0,0,0,0,100,
157,"BTCUSDT,ETHUSDT",240,60,4,6,0.5,0.0004,additive,"volume,volume_sma_5,volume_std_5,volume_vs_sma_20,taker_buy_base_volume,taker_buy_quote_volume,quote_volume,number_of_trades",0,0,0.4,16,8,1,30,ok,bt-v2-1772626274988-1dc52d1ad5e9,1,0,0,0,0,0,0,0,100,
158,"BTCUSDT,ETHUSDT,BNBUSDT",240,60,4,6,0.5,0.0004,additive,"volume,volume_sma_5,volume_std_5,volume_vs_sma_20,taker_buy_base_volume,taker_buy_quote_volume,quote_volume,number_of_trades",0,0,0.4,16,8,1,30,ok,bt-v2-1772626276416-3422f54c60ae,1,0,0,0,0,0,0,0,100,
159,"BTCUSDT,ETHUSDT,BNBUSDT,XRPUSDT,USDCUSDT",240,60,4,6,0.5,0.0004,additive,"volume,volume_sma_5,volume_std_5,volume_vs_sma_20,taker_buy_base_volume,taker_buy_quote_volume,quote_volume,number_of_trades",0,0,0.4,16,8,1,30,ok,bt-v2-1772626277809-fcd23d53048f,1,0,0,0,0,0,0,0,100,
160,"BTCUSDT,ETHUSDT,BNBUSDT,XRPUSDT,USDCUSDT,SOLUSDT,TRXUSDT,DOGEUSDT,ADAUSDT,BCHUSDT,LINKUSDT,USDEUSDT",240,60,4,6,0.5,0.0004,additive,"volume,volume_sma_5,volume_std_5,volume_vs_sma_20,taker_buy_base_volume,taker_buy_quote_volume,quote_volume,number_of_trades",0,0,0.4,16,8,1,30,ok,bt-v2-1772626279223-47d74fdbae69,1,0,0,0,0,0,0,0,100,
162,BTCUSDT,240,60,4,6,0.5,0.0004,additive,"volume,volume_sma_5,volume_std_5,volume_vs_sma_20,taker_buy_base_volume,taker_buy_quote_volume,quote_volume,number_of_trades",0,400,0.2,8,4,0.6,10,"failed","(none)",0,0.0,0.0,0,0,0,0.0,0.0,0.0,symbol_set=BTCUSDT failed: command failed: cargo ["run", "--bin", "backtest", "--", "--bars", "/Users/yuksehyun/project/sandbox-quant/data/backtest_dataset/backtest_btcusdt_1m_600_365d_ext.csv", "--symbol", "BTCUSDT", "--order-usdt", "100", "--fee-rate", "0.0004", "--slippage-bps", "0.8", "--train-bars", "240", "--test-bars", "60", "--embargo-bars", "4", "--max-folds", "6", "--min-signal", "0.0004", "--feature-blend-mode", "additive", "--feature-scale", "0.5", "--feature-min-samples", "0", "--predictor-quality-min-samples", "400", "--predictor-quality-warmup-floor", "0.2", "--min-hold-bars", "8", "--min-reentry-gap-bars", "4", "--max-turnover-ratio", "0.6", "--entry-gate-usdt", "10", "--strategy-db", "/Users/yuksehyun/project/sandbox-quant/data/backtest_strategy.sqlite", "--order-db", "/Users/yuksehyun/project/sandbox-quant/data/backtest_orders.sqlite", "--features-csv", "/tmp/backtest_features_test/backtest_btcusdt_1m_600_365d_ext.csv_features.csv", "--feature-columns", "volume,volume_sma_5,volume_std_5,volume_vs_sma_20,taker_buy_base_volume,taker_buy_quote_volume,quote_volume,number_of_trades"]: warning: function `exit_policy_for_item` is never used
    --> src/ui/mod.rs:3929:4
     |
3929 | fn exit_policy_for_item<'a>(
     |    ^^^^^^^^^^^^^^^^^^^^
     |
     = note: `#[warn(dead_code)]` (part of `#[warn(unused)]`) on by default

warning: function `latest_exit_policy_for_symbol` is never used
    --> src/ui/mod.rs:3942:4
     |
3942 | fn latest_exit_policy_for_symbol<'a>(
     |    ^^^^^^^^^^^^^^^^^^^^^^^^^^^^^

warning: `sandbox-quant` (lib) generated 2 warnings
    Finished `dev` profile [unoptimized + debuginfo] target(s) in 0.08s
     Running `target/debug/backtest --bars /Users/yuksehyun/project/sandbox-quant/data/backtest_dataset/backtest_btcusdt_1m_600_365d_ext.csv --symbol BTCUSDT --order-usdt 100 --fee-rate 0.0004 --slippage-bps 0.8 --train-bars 240 --test-bars 60 --embargo-bars 4 --max-folds 6 --min-signal 0.0004 --feature-blend-mode additive --feature-scale 0.5 --feature-min-samples 0 --predictor-quality-min-samples 400 --predictor-quality-warmup-floor 0.2 --min-hold-bars 8 --min-reentry-gap-bars 4 --max-turnover-ratio 0.6 --entry-gate-usdt 10 --strategy-db /Users/yuksehyun/project/sandbox-quant/data/backtest_strategy.sqlite --order-db /Users/yuksehyun/project/sandbox-quant/data/backtest_orders.sqlite --features-csv /tmp/backtest_features_test/backtest_btcusdt_1m_600_365d_ext.csv_features.csv --feature-columns volume,volume_sma_5,volume_std_5,volume_vs_sma_20,taker_buy_base_volume,taker_buy_quote_volume,quote_volume,number_of_trades`
Error: failed to parse backtest arguments

Caused by:
    predictor-quality-min-samples cannot exceed train-window (240)

